crossing time (s)	slope (V/s)	crossing number
281474976710655.000000	-44.712959	1299	0.000000
281474976710655.000000	-46.041462	1300	0.000000
281474976710655.000000	-47.211849	1301	0.000000
281474976710655.000000	-41.903973	1302	0.000000
281474976710655.000000	-49.867409	1303	0.000000
281474976710655.000000	-41.971531	1304	0.000000
281474976710655.000000	-45.219067	1305	0.000000
281474976710655.000000	-42.364346	1306	0.000000
281474976710655.000000	-34.807789	1307	0.000000
281474976710655.000000	-33.285645	1308	0.000000
281474976710655.000000	-39.443695	1309	0.000000
281474976710655.000000	-38.878998	1310	0.000000
281474976710655.000000	-54.224354	1311	0.000000
281474976710655.000000	-47.638496	1312	0.000000
281474976710655.000000	-37.059978	1313	0.000000
281474976710655.000000	-54.835957	1314	0.000000
281474976710655.000000	-35.716331	1315	0.000000
281474976710655.000000	-44.503716	1316	0.000000
281474976710655.000000	-40.741879	1317	0.000000
281474976710655.000000	-40.114334	1318	0.000000
281474976710655.000000	-40.816917	1319	0.000000
281474976710655.000000	-47.248425	1320	0.000000
281474976710655.000000	-42.586597	1321	0.000000
281474976710655.000000	-38.724388	1322	0.000000
281474976710655.000000	-46.650803	1323	0.000000
281474976710655.000000	-37.823284	1324	0.000000
281474976710655.000000	-41.797180	1325	0.000000
281474976710655.000000	-41.193989	1326	0.000000
281474976710655.000000	-45.943829	1327	0.000000
281474976710655.000000	-44.791065	1328	0.000000
281474976710655.000000	-39.827293	1329	0.000000
281474976710655.000000	-34.672455	1330	0.000000
281474976710655.000000	-38.244045	1331	0.000000
281474976710655.000000	-39.706928	1332	0.000000
281474976710655.000000	-46.297451	1333	0.000000
281474976710655.000000	-34.760513	1334	0.000000
281474976710655.000000	-32.855297	1335	0.000000
281474976710655.000000	-37.992802	1336	0.000000
281474976710655.000000	-42.610779	1337	0.000000
281474976710655.000000	-34.504452	1338	0.000000
281474976710655.000000	-39.246632	1339	0.000000
281474976710655.000000	-41.878384	1340	0.000000
281474976710655.000000	-43.727142	1341	0.000000
281474976710655.000000	-42.453678	1342	0.000000
281474976710655.000000	-35.092846	1343	0.000000
281474976710655.000000	-45.598892	1344	0.000000
281474976710655.000000	-34.748798	1345	0.000000
281474976710655.000000	-37.506596	1346	0.000000
281474976710655.000000	-39.303905	1347	0.000000
281474976710655.000000	-40.174984	1348	0.000000
281474976710655.000000	-43.095615	1349	0.000000
281474976710655.000000	-36.348503	1350	0.000000
281474976710655.000000	-37.208839	1351	0.000000
281474976710655.000000	-38.103485	1352	0.000000
281474976710655.000000	-39.322411	1353	0.000000
281474976710655.000000	-31.460825	1354	0.000000
281474976710655.000000	-37.359909	1355	0.000000
281474976710655.000000	-37.512218	1356	0.000000
281474976710655.000000	-35.500385	1357	0.000000
281474976710655.000000	-30.690369	1358	0.000000
281474976710655.000000	-42.829021	1359	0.000000
281474976710655.000000	-38.732128	1360	0.000000
281474976710655.000000	-42.205070	1361	0.000000
281474976710655.000000	-34.949738	1362	0.000000
281474976710655.000000	-39.514736	1363	0.000000
281474976710655.000000	-37.557178	1364	0.000000
281474976710655.000000	-38.803322	1365	0.000000
281474976710655.000000	-40.158051	1366	0.000000
281474976710655.000000	-31.891830	1367	0.000000
281474976710655.000000	-40.205643	1368	0.000000
281474976710655.000000	-41.700699	1369	0.000000
281474976710655.000000	-37.400932	1370	0.000000
281474976710655.000000	-34.644600	1371	0.000000
281474976710655.000000	-39.019325	1372	0.000000
281474976710655.000000	-39.781574	1373	0.000000
281474976710655.000000	-36.010021	1374	0.000000
281474976710655.000000	-38.127644	1375	0.000000
281474976710655.000000	-44.074085	1376	0.000000
281474976710655.000000	-38.408508	1377	0.000000
281474976710655.000000	-42.231907	1378	0.000000
281474976710655.000000	-36.858425	1379	0.000000
281474976710655.000000	-47.034473	1380	0.000000
281474976710655.000000	-39.438354	1381	0.000000
281474976710655.000000	-36.775318	1382	0.000000
281474976710655.000000	-46.453613	1383	0.000000
281474976710655.000000	-34.628918	1384	0.000000
281474976710655.000000	-37.182400	1385	0.000000
281474976710655.000000	-41.568779	1386	0.000000
281474976710655.000000	-32.664307	1387	0.000000
281474976710655.000000	-46.671268	1388	0.000000
281474976710655.000000	-32.245636	1389	0.000000
281474976710655.000000	-45.016598	1390	0.000000
281474976710655.000000	-38.837551	1391	0.000000
281474976710655.000000	-43.869465	1392	0.000000
281474976710655.000000	-39.978813	1393	0.000000
281474976710655.000000	-33.861561	1394	0.000000
281474976710655.000000	-41.306175	1395	0.000000
281474976710655.000000	-46.445465	1396	0.000000
281474976710655.000000	-37.502556	1397	0.000000
281474976710655.000000	-33.528027	1398	0.000000
281474976710655.000000	-36.443687	1399	0.000000
281474976710655.000000	-42.593109	1400	0.000000
281474976710655.000000	-35.830620	1401	0.000000
281474976710655.000000	-36.175472	1402	0.000000
281474976710655.000000	-35.429749	1403	0.000000
281474976710655.000000	-30.948841	1404	0.000000
281474976710655.000000	-43.163437	1405	0.000000
281474976710655.000000	-35.042885	1406	0.000000
281474976710655.000000	-37.915695	1407	0.000000
281474976710655.000000	-37.522614	1408	0.000000
281474976710655.000000	-36.176617	1409	0.000000
281474976710655.000000	-38.882278	1410	0.000000
281474976710655.000000	-35.582169	1411	0.000000
281474976710655.000000	-31.226437	1412	0.000000
281474976710655.000000	-36.838650	1413	0.000000
281474976710655.000000	-35.737270	1414	0.000000
281474976710655.000000	-35.801872	1415	0.000000
281474976710655.000000	-34.959015	1416	0.000000
281474976710655.000000	-29.849913	1417	0.000000
281474976710655.000000	-32.030106	1418	0.000000
281474976710655.000000	-34.595509	1419	0.000000
281474976710655.000000	-35.875217	1420	0.000000
281474976710655.000000	-37.896309	1421	0.000000
281474976710655.000000	-31.454428	1422	0.000000
281474976710655.000000	-34.787945	1423	0.000000
281474976710655.000000	-37.383236	1424	0.000000
281474976710655.000000	-31.355183	1425	0.000000
281474976710655.000000	-36.116375	1426	0.000000
281474976710655.000000	-38.242165	1427	0.000000
281474976710655.000000	-35.531052	1428	0.000000
281474976710655.000000	-39.491169	1429	0.000000
281474976710655.000000	-35.432648	1430	0.000000
281474976710655.000000	-33.649231	1431	0.000000
281474976710655.000000	-32.295177	1432	0.000000
281474976710655.000000	-37.560719	1433	0.000000
281474976710655.000000	-35.505100	1434	0.000000
281474976710655.000000	-30.133801	1435	0.000000
281474976710655.000000	-32.898407	1436	0.000000
281474976710655.000000	-35.163704	1437	0.000000
281474976710655.000000	-35.760029	1438	0.000000
281474976710655.000000	-31.935064	1439	0.000000
281474976710655.000000	-35.111069	1440	0.000000
281474976710655.000000	-34.665817	1441	0.000000
281474976710655.000000	-40.956734	1442	0.000000
281474976710655.000000	-30.539389	1443	0.000000
281474976710655.000000	-43.971153	1444	0.000000
281474976710655.000000	-33.936821	1445	0.000000
281474976710655.000000	-41.243492	1446	0.000000
281474976710655.000000	-30.195240	1447	0.000000
281474976710655.000000	-33.556648	1448	0.000000
281474976710655.000000	-39.238701	1449	0.000000
281474976710655.000000	-38.905056	1450	0.000000
281474976710655.000000	-31.525160	1451	0.000000
281474976710655.000000	-36.412052	1452	0.000000
281474976710655.000000	-44.006641	1453	0.000000
281474976710655.000000	-36.804665	1454	0.000000
281474976710655.000000	-40.739883	1455	0.000000
281474976710655.000000	-33.297459	1456	0.000000
281474976710655.000000	-34.645565	1457	0.000000
281474976710655.000000	-37.475655	1458	0.000000
281474976710655.000000	-36.107719	1459	0.000000
281474976710655.000000	-39.908901	1460	0.000000
281474976710655.000000	-37.467640	1461	0.000000
281474976710655.000000	-31.313391	1462	0.000000
281474976710655.000000	-35.158798	1463	0.000000
281474976710655.000000	-36.270966	1464	0.000000
281474976710655.000000	-35.840134	1465	0.000000
281474976710655.000000	-31.843702	1466	0.000000
281474976710655.000000	-36.163921	1467	0.000000
281474976710655.000000	-37.625488	1468	0.000000
281474976710655.000000	-31.136562	1469	0.000000
281474976710655.000000	-38.538437	1470	0.000000
281474976710655.000000	-38.705013	1471	0.000000
281474976710655.000000	-32.369045	1472	0.000000
281474976710655.000000	-31.480890	1473	0.000000
281474976710655.000000	-35.198296	1474	0.000000
281474976710655.000000	-34.128162	1475	0.000000
281474976710655.000000	-29.358774	1476	0.000000
281474976710655.000000	-32.085018	1477	0.000000
281474976710655.000000	-34.971584	1478	0.000000
281474976710655.000000	-31.600710	1479	0.000000
281474976710655.000000	-39.254143	1480	0.000000
281474976710655.000000	-36.464901	1481	0.000000
281474976710655.000000	-35.076515	1482	0.000000
281474976710655.000000	-33.753063	1483	0.000000
281474976710655.000000	-29.563845	1484	0.000000
281474976710655.000000	-31.305250	1485	0.000000
281474976710655.000000	-32.395756	1486	0.000000
281474976710655.000000	-34.389626	1487	0.000000
281474976710655.000000	-31.461298	1488	0.000000
281474976710655.000000	-35.049427	1489	0.000000
281474976710655.000000	-35.966431	1490	0.000000
281474976710655.000000	-31.061068	1491	0.000000
281474976710655.000000	-33.030907	1492	0.000000
281474976710655.000000	-35.881748	1493	0.000000
281474976710655.000000	-30.951149	1494	0.000000
281474976710655.000000	-36.200581	1495	0.000000
281474976710655.000000	-28.575939	1496	0.000000
281474976710655.000000	-33.630039	1497	0.000000
281474976710655.000000	-27.948992	1498	0.000000
281474976710655.000000	-31.639402	1499	0.000000
281474976710655.000000	-34.737343	1500	0.000000
281474976710655.000000	-31.443083	1501	0.000000
281474976710655.000000	-32.293076	1502	0.000000
281474976710655.000000	-30.582481	1503	0.000000
281474976710655.000000	-30.703112	1504	0.000000
281474976710655.000000	-34.145725	1505	0.000000
281474976710655.000000	-28.831709	1506	0.000000
281474976710655.000000	-33.565536	1507	0.000000
281474976710655.000000	-28.603102	1508	0.000000
281474976710655.000000	-31.546375	1509	0.000000
281474976710655.000000	-31.312969	1510	0.000000
281474976710655.000000	-31.359507	1511	0.000000
281474976710655.000000	-29.863390	1512	0.000000
281474976710655.000000	-30.214958	1513	0.000000
281474976710655.000000	-30.821907	1514	0.000000
281474976710655.000000	-28.770597	1515	0.000000
281474976710655.000000	-34.133358	1516	0.000000
281474976710655.000000	-29.146360	1517	0.000000
281474976710655.000000	-28.928946	1518	0.000000
281474976710655.000000	-31.216726	1519	0.000000
281474976710655.000000	-31.028009	1520	0.000000
281474976710655.000000	-31.937883	1521	0.000000
281474976710655.000000	-29.953644	1522	0.000000
281474976710655.000000	-35.055737	1523	0.000000
281474976710655.000000	-29.122021	1524	0.000000
281474976710655.000000	-30.778740	1525	0.000000
281474976710655.000000	-30.482134	1526	0.000000
281474976710655.000000	-29.967234	1527	0.000000
281474976710655.000000	-26.718039	1528	0.000000
281474976710655.000000	-36.367329	1529	0.000000
281474976710655.000000	-27.429018	1530	0.000000
281474976710655.000000	-30.907290	1531	0.000000
281474976710655.000000	-27.514355	1532	0.000000
281474976710655.000000	-30.126930	1533	0.000000
281474976710655.000000	-27.272358	1534	0.000000
281474976710655.000000	-29.539274	1535	0.000000
281474976710655.000000	-28.599380	1536	0.000000
281474976710655.000000	-31.378139	1537	0.000000
281474976710655.000000	-30.570992	1538	0.000000
281474976710655.000000	-31.200186	1539	0.000000
281474976710655.000000	-30.418110	1540	0.000000
281474976710655.000000	-30.669384	1541	0.000000
281474976710655.000000	-28.486174	1542	0.000000
281474976710655.000000	-29.869558	1543	0.000000
281474976710655.000000	-33.078800	1544	0.000000
281474976710655.000000	-33.456841	1545	0.000000
281474976710655.000000	-31.707565	1546	0.000000
281474976710655.000000	-34.148193	1547	0.000000
281474976710655.000000	-30.401375	1548	0.000000
281474976710655.000000	-30.043367	1549	0.000000
281474976710655.000000	-29.767359	1550	0.000000
281474976710655.000000	-31.272003	1551	0.000000
281474976710655.000000	-29.961357	1552	0.000000
281474976710655.000000	-30.199575	1553	0.000000
281474976710655.000000	-29.088095	1554	0.000000
281474976710655.000000	-29.667772	1555	0.000000
281474976710655.000000	-26.808073	1556	0.000000
281474976710655.000000	-29.162262	1557	0.000000
281474976710655.000000	-26.246956	1558	0.000000
281474976710655.000000	-30.862310	1559	0.000000
281474976710655.000000	-26.926872	1560	0.000000
281474976710655.000000	-28.463497	1561	0.000000
281474976710655.000000	-27.151667	1562	0.000000
281474976710655.000000	-28.345480	1563	0.000000
281474976710655.000000	-28.237410	1564	0.000000
281474976710655.000000	-30.594397	1565	0.000000
281474976710655.000000	-26.136850	1566	0.000000
281474976710655.000000	-29.980837	1567	0.000000
281474976710655.000000	-26.758739	1568	0.000000
281474976710655.000000	-32.911179	1569	0.000000
281474976710655.000000	-25.027834	1570	0.000000
281474976710655.000000	-29.288305	1571	0.000000
281474976710655.000000	-27.596334	1572	0.000000
281474976710655.000000	-31.084902	1573	0.000000
281474976710655.000000	-28.537218	1574	0.000000
281474976710655.000000	-26.668831	1575	0.000000
281474976710655.000000	-27.414749	1576	0.000000
281474976710655.000000	-30.080568	1577	0.000000
281474976710655.000000	-27.169960	1578	0.000000
281474976710655.000000	-26.730356	1579	0.000000
281474976710655.000000	-27.444458	1580	0.000000
281474976710655.000000	-28.899818	1581	0.000000
281474976710655.000000	-28.668032	1582	0.000000
281474976710655.000000	-28.946669	1583	0.000000
281474976710655.000000	-31.632233	1584	0.000000
281474976710655.000000	-28.808472	1585	0.000000
281474976710655.000000	-28.395842	1586	0.000000
281474976710655.000000	-27.245155	1587	0.000000
281474976710655.000000	-26.066128	1588	0.000000
281474976710655.000000	-27.818367	1589	0.000000
281474976710655.000000	-26.819683	1590	0.000000
281474976710655.000000	-30.238054	1591	0.000000
281474976710655.000000	-27.743969	1592	0.000000
281474976710655.000000	-29.365152	1593	0.000000
281474976710655.000000	-27.248867	1594	0.000000
281474976710655.000000	-28.731949	1595	0.000000
281474976710655.000000	-28.278826	1596	0.000000
281474976710655.000000	-26.070917	1597	0.000000
281474976710655.000000	-28.758907	1598	0.000000
281474976710655.000000	-27.878565	1599	0.000000
281474976710655.000000	-27.163540	1600	0.000000
281474976710655.000000	-27.862465	1601	0.000000
281474976710655.000000	-29.148338	1602	0.000000
281474976710655.000000	-27.498711	1603	0.000000
281474976710655.000000	-25.846060	1604	0.000000
281474976710655.000000	-26.237593	1605	0.000000
281474976710655.000000	-28.742785	1606	0.000000
281474976710655.000000	-29.221317	1607	0.000000
281474976710655.000000	-29.375704	1608	0.000000
281474976710655.000000	-29.304117	1609	0.000000
281474976710655.000000	-27.530563	1610	0.000000
281474976710655.000000	-24.654490	1611	0.000000
281474976710655.000000	-27.004684	1612	0.000000
281474976710655.000000	-24.982935	1613	0.000000
281474976710655.000000	-29.958273	1614	0.000000
281474976710655.000000	-27.700891	1615	0.000000
281474976710655.000000	-27.760902	1616	0.000000
281474976710655.000000	-27.300179	1617	0.000000
281474976710655.000000	-27.676674	1618	0.000000
281474976710655.000000	-25.000654	1619	0.000000
281474976710655.000000	-27.270420	1620	0.000000
281474976710655.000000	-25.872393	1621	0.000000
281474976710655.000000	-30.138222	1622	0.000000
281474976710655.000000	-28.149782	1623	0.000000
281474976710655.000000	-28.146360	1624	0.000000
281474976710655.000000	-26.710463	1625	0.000000
281474976710655.000000	-26.878286	1626	0.000000
281474976710655.000000	-25.252531	1627	0.000000
281474976710655.000000	-25.012316	1628	0.000000
281474976710655.000000	-28.341789	1629	0.000000
281474976710655.000000	-26.475622	1630	0.000000
281474976710655.000000	-25.798004	1631	0.000000
281474976710655.000000	-25.486155	1632	0.000000
281474976710655.000000	-23.122860	1633	0.000000
281474976710655.000000	-27.611624	1634	0.000000
281474976710655.000000	-27.586632	1635	0.000000
281474976710655.000000	-24.757765	1636	0.000000
281474976710655.000000	-25.700312	1637	0.000000
281474976710655.000000	-26.390030	1638	0.000000
281474976710655.000000	-26.294502	1639	0.000000
281474976710655.000000	-24.856752	1640	0.000000
281474976710655.000000	-27.792746	1641	0.000000
281474976710655.000000	-26.846708	1642	0.000000
281474976710655.000000	-24.566757	1643	0.000000
281474976710655.000000	-26.797985	1644	0.000000
281474976710655.000000	-25.407154	1645	0.000000
281474976710655.000000	-24.309731	1646	0.000000
281474976710655.000000	-23.770874	1647	0.000000
281474976710655.000000	-22.130623	1648	0.000000
281474976710655.000000	-25.818296	1649	0.000000
281474976710655.000000	-23.233702	1650	0.000000
281474976710655.000000	-26.721691	1651	0.000000
281474976710655.000000	-25.209841	1652	0.000000
281474976710655.000000	-25.866354	1653	0.000000
281474976710655.000000	-23.412666	1654	0.000000
281474976710655.000000	-23.330816	1655	0.000000
281474976710655.000000	-23.743767	1656	0.000000
281474976710655.000000	-25.156870	1657	0.000000
281474976710655.000000	-26.933443	1658	0.000000
281474976710655.000000	-24.322138	1659	0.000000
281474976710655.000000	-25.396362	1660	0.000000
281474976710655.000000	-24.108217	1661	0.000000
281474976710655.000000	-25.974575	1662	0.000000
281474976710655.000000	-25.658749	1663	0.000000
281474976710655.000000	-23.341194	1664	0.000000
281474976710655.000000	-25.981369	1665	0.000000
281474976710655.000000	-24.525278	1666	0.000000
281474976710655.000000	-23.352726	1667	0.000000
281474976710655.000000	-24.855982	1668	0.000000
281474976710655.000000	-26.323626	1669	0.000000
281474976710655.000000	-25.454109	1670	0.000000
281474976710655.000000	-26.955435	1671	0.000000
281474976710655.000000	-26.190170	1672	0.000000
281474976710655.000000	-26.170055	1673	0.000000
281474976710655.000000	-25.225376	1674	0.000000
281474976710655.000000	-25.278337	1675	0.000000
281474976710655.000000	-25.001677	1676	0.000000
281474976710655.000000	-23.865400	1677	0.000000
281474976710655.000000	-25.257673	1678	0.000000
281474976710655.000000	-25.411034	1679	0.000000
281474976710655.000000	-24.770832	1680	0.000000
281474976710655.000000	-24.130503	1681	0.000000
281474976710655.000000	-24.263885	1682	0.000000
281474976710655.000000	-21.665422	1683	0.000000
281474976710655.000000	-24.138895	1684	0.000000
281474976710655.000000	-21.661898	1685	0.000000
281474976710655.000000	-22.340832	1686	0.000000
281474976710655.000000	-23.459112	1687	0.000000
281474976710655.000000	-24.626711	1688	0.000000
281474976710655.000000	-22.538095	1689	0.000000
281474976710655.000000	-23.478722	1690	0.000000
281474976710655.000000	-23.994108	1691	0.000000
281474976710655.000000	-23.630650	1692	0.000000
281474976710655.000000	-21.833725	1693	0.000000
281474976710655.000000	-23.635899	1694	0.000000
281474976710655.000000	-24.033796	1695	0.000000
281474976710655.000000	-24.542147	1696	0.000000
281474976710655.000000	-22.902596	1697	0.000000
281474976710655.000000	-23.009300	1698	0.000000
281474976710655.000000	-24.688087	1699	0.000000
281474976710655.000000	-23.936655	1700	0.000000
281474976710655.000000	-21.696104	1701	0.000000
281474976710655.000000	-23.544563	1702	0.000000
281474976710655.000000	-22.865519	1703	0.000000
281474976710655.000000	-22.759438	1704	0.000000
281474976710655.000000	-23.088291	1705	0.000000
281474976710655.000000	-21.550425	1706	0.000000
281474976710655.000000	-22.163609	1707	0.000000
281474976710655.000000	-23.648512	1708	0.000000
281474976710655.000000	-24.389582	1709	0.000000
281474976710655.000000	-23.442108	1710	0.000000
281474976710655.000000	-25.180355	1711	0.000000
281474976710655.000000	-22.656021	1712	0.000000
281474976710655.000000	-23.172661	1713	0.000000
281474976710655.000000	-21.157738	1714	0.000000
281474976710655.000000	-23.487795	1715	0.000000
281474976710655.000000	-20.662128	1716	0.000000
281474976710655.000000	-23.386370	1717	0.000000
281474976710655.000000	-21.334488	1718	0.000000
281474976710655.000000	-23.515265	1719	0.000000
281474976710655.000000	-20.971416	1720	0.000000
281474976710655.000000	-22.309534	1721	0.000000
281474976710655.000000	-22.266689	1722	0.000000
281474976710655.000000	-24.411703	1723	0.000000
281474976710655.000000	-21.643497	1724	0.000000
281474976710655.000000	-20.884048	1725	0.000000
281474976710655.000000	-20.345036	1726	0.000000
281474976710655.000000	-22.451372	1727	0.000000
281474976710655.000000	-22.136864	1728	0.000000
281474976710655.000000	-23.467810	1729	0.000000
281474976710655.000000	-22.070553	1730	0.000000
281474976710655.000000	-22.184666	1731	0.000000
281474976710655.000000	-22.580507	1732	0.000000
281474976710655.000000	-22.168653	1733	0.000000
281474976710655.000000	-22.827629	1734	0.000000
281474976710655.000000	-22.425289	1735	0.000000
281474976710655.000000	-21.586721	1736	0.000000
281474976710655.000000	-22.870384	1737	0.000000
281474976710655.000000	-22.149790	1738	0.000000
281474976710655.000000	-22.366741	1739	0.000000
281474976710655.000000	-21.636435	1740	0.000000
281474976710655.000000	-21.814760	1741	0.000000
281474976710655.000000	-22.288671	1742	0.000000
281474976710655.000000	-20.523211	1743	0.000000
281474976710655.000000	-22.485039	1744	0.000000
281474976710655.000000	-21.761343	1745	0.000000
281474976710655.000000	-21.899691	1746	0.000000
281474976710655.000000	-22.370705	1747	0.000000
281474976710655.000000	-20.521498	1748	0.000000
281474976710655.000000	-21.040758	1749	0.000000
281474976710655.000000	-20.607254	1750	0.000000
281474976710655.000000	-20.358664	1751	0.000000
281474976710655.000000	-21.275396	1752	0.000000
281474976710655.000000	-21.486305	1753	0.000000
281474976710655.000000	-20.631477	1754	0.000000
281474976710655.000000	-21.479134	1755	0.000000
281474976710655.000000	-21.793575	1756	0.000000
281474976710655.000000	-20.811726	1757	0.000000
281474976710655.000000	-20.949678	1758	0.000000
281474976710655.000000	-21.026075	1759	0.000000
281474976710655.000000	-20.438122	1760	0.000000
281474976710655.000000	-20.677029	1761	0.000000
281474976710655.000000	-19.628239	1762	0.000000
281474976710655.000000	-21.247511	1763	0.000000
281474976710655.000000	-20.817007	1764	0.000000
281474976710655.000000	-21.431101	1765	0.000000
281474976710655.000000	-20.914772	1766	0.000000
281474976710655.000000	-20.112549	1767	0.000000
281474976710655.000000	-20.924576	1768	0.000000
281474976710655.000000	-20.714684	1769	0.000000
281474976710655.000000	-20.871218	1770	0.000000
281474976710655.000000	-22.357647	1771	0.000000
281474976710655.000000	-19.474548	1772	0.000000
281474976710655.000000	-20.114498	1773	0.000000
281474976710655.000000	-19.435043	1774	0.000000
281474976710655.000000	-21.062954	1775	0.000000
281474976710655.000000	-20.637375	1776	0.000000
281474976710655.000000	-20.947849	1777	0.000000
281474976710655.000000	-20.071857	1778	0.000000
281474976710655.000000	-19.596390	1779	0.000000
281474976710655.000000	-20.244682	1780	0.000000
281474976710655.000000	-20.523775	1781	0.000000
281474976710655.000000	-20.317011	1782	0.000000
281474976710655.000000	-18.727779	1783	0.000000
281474976710655.000000	-19.731300	1784	0.000000
281474976710655.000000	-20.916559	1785	0.000000
281474976710655.000000	-19.729753	1786	0.000000
281474976710655.000000	-20.742947	1787	0.000000
281474976710655.000000	-19.257368	1788	0.000000
281474976710655.000000	-19.409361	1789	0.000000
281474976710655.000000	-21.406805	1790	0.000000
281474976710655.000000	-20.668037	1791	0.000000
281474976710655.000000	-20.484928	1792	0.000000
281474976710655.000000	-20.261982	1793	0.000000
281474976710655.000000	-22.531111	1794	0.000000
281474976710655.000000	-19.748835	1795	0.000000
281474976710655.000000	-20.703674	1796	0.000000
281474976710655.000000	-21.131807	1797	0.000000
281474976710655.000000	-20.316978	1798	0.000000
281474976710655.000000	-18.724684	1799	0.000000
281474976710655.000000	-20.073448	1800	0.000000
281474976710655.000000	-19.222170	1801	0.000000
281474976710655.000000	-19.308102	1802	0.000000
281474976710655.000000	-20.025284	1803	0.000000
281474976710655.000000	-19.333109	1804	0.000000
281474976710655.000000	-19.092266	1805	0.000000
281474976710655.000000	-19.722151	1806	0.000000
281474976710655.000000	-18.472963	1807	0.000000
281474976710655.000000	-19.322012	1808	0.000000
281474976710655.000000	-19.464003	1809	0.000000
281474976710655.000000	-19.892040	1810	0.000000
281474976710655.000000	-18.400183	1811	0.000000
281474976710655.000000	-17.616787	1812	0.000000
281474976710655.000000	-19.613979	1813	0.000000
281474976710655.000000	-19.529520	1814	0.000000
281474976710655.000000	-18.845573	1815	0.000000
281474976710655.000000	-19.154078	1816	0.000000
281474976710655.000000	-18.934130	1817	0.000000
281474976710655.000000	-18.181971	1818	0.000000
281474976710655.000000	-19.706491	1819	0.000000
281474976710655.000000	-18.807234	1820	0.000000
281474976710655.000000	-19.502487	1821	0.000000
281474976710655.000000	-19.989595	1822	0.000000
281474976710655.000000	-18.688269	1823	0.000000
281474976710655.000000	-19.590881	1824	0.000000
281474976710655.000000	-18.552454	1825	0.000000
281474976710655.000000	-18.255951	1826	0.000000
281474976710655.000000	-18.669680	1827	0.000000
281474976710655.000000	-19.267780	1828	0.000000
281474976710655.000000	-18.989813	1829	0.000000
281474976710655.000000	-18.628410	1830	0.000000
281474976710655.000000	-17.177656	1831	0.000000
281474976710655.000000	-18.165052	1832	0.000000
281474976710655.000000	-18.895613	1833	0.000000
281474976710655.000000	-18.433372	1834	0.000000
281474976710655.000000	-18.226709	1835	0.000000
281474976710655.000000	-18.154434	1836	0.000000
281474976710655.000000	-17.688034	1837	0.000000
281474976710655.000000	-18.288170	1838	0.000000
281474976710655.000000	-18.384214	1839	0.000000
281474976710655.000000	-23.203306	1840	0.000000
281474976710655.000000	-18.660061	1841	0.000000
281474976710655.000000	-18.611874	1842	0.000000
281474976710655.000000	-17.753460	1843	0.000000
281474976710655.000000	-17.955997	1844	0.000000
281474976710655.000000	-17.386936	1845	0.000000
281474976710655.000000	-18.283445	1846	0.000000
281474976710655.000000	-18.694532	1847	0.000000
281474976710655.000000	-17.701786	1848	0.000000
