num crossings	time (s)	maj axis (mm)	min axis (mm)	theta (rad )	slope (V/s)
205	1940.108456	67.828782	0.135854	-0.508555	57.401988
207	1942.176752	67.729964	0.221368	-0.507249	60.774617
209	1944.245054	67.549554	0.307833	-0.510164	60.246876
211	1946.313327	67.535595	0.356158	-0.508426	56.353744
213	1948.382333	67.448336	0.442715	-0.508440	58.974925
217	1952.520089	67.289704	0.565682	-0.507473	57.585059
219	1954.589099	67.285049	0.619346	-0.507146	58.936583
221	1956.657957	67.125218	0.701192	-0.508097	59.642386
223	1958.725970	67.093033	0.784770	-0.509642	59.608225
225	1960.794274	66.999170	0.871575	-0.507402	57.991016
227	1962.862103	66.932432	0.923570	-0.507552	59.180084
229	1964.930017	66.881000	0.989987	-0.507632	56.806445
231	1966.997913	66.808394	1.069837	-0.507734	58.019657
233	1969.065665	66.745286	1.133054	-0.506844	58.565720
235	1971.133701	66.667789	1.219500	-0.507104	55.929861
237	1973.201876	66.550869	1.279660	-0.505147	56.672003
239	1975.269919	66.520193	1.336211	-0.506367	56.583019
241	1977.338230	66.446874	1.437410	-0.505703	56.093440
243	1979.406784	66.494559	1.485490	-0.506873	57.808384
245	1981.474750	66.261236	1.553092	-0.505320	56.780830
247	1983.543413	66.206388	1.621325	-0.504069	55.455213
249	1985.612013	65.937946	1.689067	-0.504098	55.562362
251	1987.681000	65.806434	1.757481	-0.504374	54.340142
255	1991.818632	65.789180	1.922023	-0.504581	56.465705
257	1993.887131	65.658735	1.983901	-0.504152	57.744129
259	1995.956025	65.537932	2.060664	-0.503362	55.063087
261	1998.024874	65.406468	2.132773	-0.502000	56.044147
263	2000.093766	65.330989	2.210924	-0.502063	53.977030
267	2004.230764	65.151776	2.331284	-0.499777	55.463982
269	2006.298393	65.180870	2.410569	-0.500644	55.622055
271	2008.366407	65.168067	2.471395	-0.498466	52.984329
273	2010.433926	65.039788	2.569151	-0.500775	55.072565
275	2012.501598	64.929233	2.595893	-0.500481	54.309445
277	2014.569444	64.736301	2.702462	-0.502195	55.530860
279	2016.637652	64.643066	2.732599	-0.500278	53.460761
283	2020.774437	64.451555	2.892003	-0.500049	54.734257
285	2022.843290	64.467891	2.955469	-0.498368	53.707534
287	2024.912026	64.355151	3.017598	-0.499001	54.634026
289	2026.981053	64.242644	3.119588	-0.498797	53.267092
291	2029.049378	64.086256	3.206651	-0.498855	56.745403
293	2031.118163	64.062172	3.214667	-0.497533	53.610343
295	2033.186344	63.994791	3.287977	-0.497829	52.831020
297	2035.254405	63.752373	3.360775	-0.497716	55.244756
299	2037.322297	63.810959	3.426836	-0.497286	52.304910
303	2041.458129	63.533864	3.569442	-0.494493	53.914346
305	2043.526064	63.653047	3.616527	-0.495611	52.617717
307	2045.594049	63.519401	3.694746	-0.494961	53.001515
309	2047.662024	63.578547	3.755377	-0.495363	53.415660
311	2049.730313	63.411905	3.812148	-0.494659	52.762731
313	2051.798674	63.364967	3.891649	-0.493930	52.168873
315	2053.867023	63.134688	3.950155	-0.494173	54.784641
317	2055.935497	63.041193	3.988192	-0.491534	52.227608
319	2058.004133	63.072545	4.077074	-0.491387	51.010557
321	2060.072798	62.869376	4.135876	-0.490727	52.221775
323	2062.141425	62.743670	4.196257	-0.489818	50.074384
327	2066.279175	62.733239	4.353141	-0.488647	50.555230
329	2068.347641	62.601968	4.366108	-0.486378	48.647054
331	2070.415928	62.465724	4.439293	-0.486597	49.786943
333	2072.484283	62.551692	4.506003	-0.485465	50.803519
335	2074.552703	62.429832	4.562304	-0.484174	50.035335
339	2078.687961	62.280389	4.716982	-0.484672	49.553188
341	2080.755648	62.219807	4.767298	-0.484633	50.829299
343	2082.823975	62.078260	4.799997	-0.485468	51.995807
345	2084.892037	62.036365	4.876970	-0.483822	50.753583
347	2086.960304	61.998282	4.928732	-0.483093	48.669769
351	2091.097212	61.776334	5.096592	-0.481417	50.265121
353	2093.166030	61.663829	5.115773	-0.481020	51.836763
355	2095.235126	61.527166	5.166288	-0.478493	48.567970
357	2097.303711	61.470436	5.245946	-0.479015	51.161976
359	2099.372061	61.335986	5.299751	-0.477227	48.591665
361	2101.440555	61.475527	5.373946	-0.478123	47.894293
363	2103.508684	61.266612	5.424411	-0.477026	47.562508
367	2107.644653	61.192960	5.576165	-0.473789	48.352332
369	2109.712569	61.071248	5.642354	-0.474940	47.987366
371	2111.780461	60.941869	5.687275	-0.474112	46.942192
373	2113.848859	60.934841	5.768711	-0.473116	48.105439
375	2115.916828	60.835169	5.806170	-0.471188	47.601639
379	2120.053326	60.564619	5.954058	-0.471430	50.197804
381	2122.122158	60.606735	5.966391	-0.470333	46.304622
383	2124.190607	60.479056	6.058103	-0.468021	47.928184
385	2126.258899	60.330930	6.099274	-0.468035	48.386165
387	2128.327342	60.206285	6.158557	-0.467025	47.680084
389	2130.396084	60.150313	6.234689	-0.464125	46.317004
393	2134.533162	60.116449	6.348232	-0.463353	46.858238
395	2136.601502	59.931920	6.416048	-0.462357	46.482085
397	2138.669432	59.994257	6.513107	-0.461883	46.637117
399	2140.737886	59.791993	6.502099	-0.459428	47.481932
401	2142.805562	59.851131	6.617702	-0.459979	47.139854
403	2144.873155	59.671233	6.653695	-0.460601	47.213187
405	2146.941633	59.659792	6.697129	-0.459418	45.796975
407	2149.009089	59.583021	6.761656	-0.458812	48.650587
409	2151.077481	59.502673	6.852916	-0.457952	46.100808
411	2153.145214	59.363171	6.871203	-0.457535	46.115564
413	2155.214025	59.284670	6.938805	-0.455742	45.453989
415	2157.282508	59.191436	6.995280	-0.454592	45.475249
417	2159.351267	59.137659	7.048979	-0.453379	45.878289
419	2161.420027	59.060265	7.131337	-0.453174	43.785146
421	2163.489056	59.031268	7.199924	-0.450507	44.568371
425	2167.625753	58.862306	7.313618	-0.450053	43.357212
427	2169.694220	58.732419	7.359980	-0.449226	44.959199
429	2171.761869	58.678812	7.432627	-0.448061	45.531935
431	2173.829973	58.709035	7.511020	-0.447044	43.836345
433	2175.897931	58.601272	7.529044	-0.445879	42.449928
437	2180.034289	58.372559	7.644537	-0.444303	45.403855
439	2182.102344	58.249378	7.692839	-0.442315	42.831577
441	2184.170106	58.156138	7.766345	-0.441289	43.924697
445	2188.307318	57.972116	7.925161	-0.437795	43.161730
449	2192.444189	57.846997	8.027485	-0.435818	43.487427
453	2196.581408	57.724962	8.100506	-0.434670	42.433334
457	2200.718076	57.637694	8.248960	-0.431454	45.318518
459	2202.786101	57.547822	8.243129	-0.430851	43.593740
463	2206.921919	57.463057	8.392582	-0.429089	43.501374
465	2208.989700	57.403843	8.489187	-0.427222	43.238707
467	2211.058048	57.251645	8.475344	-0.427084	41.556696
469	2213.125745	57.124530	8.505355	-0.425387	44.154604
473	2217.262102	57.016671	8.661994	-0.423144	43.681019
475	2219.330483	56.992523	8.673428	-0.423166	41.662023
479	2223.468006	56.803983	8.867338	-0.417972	42.028882
481	2225.536392	56.703305	8.847626	-0.419477	43.809724
483	2227.604831	56.567199	8.961271	-0.417837	41.543934
485	2229.673059	56.503729	8.967235	-0.415323	41.171450
487	2231.742074	56.480264	8.996795	-0.415331	40.620206
489	2233.810475	56.276714	9.045611	-0.413224	38.833224
491	2235.878189	56.188548	9.111462	-0.411435	40.988698
493	2237.946130	56.274629	9.180262	-0.411783	42.556782
497	2242.082738	56.030618	9.307081	-0.409417	39.877846
499	2244.150899	55.978240	9.320132	-0.408216	40.324183
501	2246.218930	55.848198	9.383852	-0.405227	40.737085
503	2248.287083	55.787953	9.424364	-0.405593	39.194801
505	2250.355378	55.774963	9.493738	-0.403975	39.445761
509	2254.492328	55.520133	9.597789	-0.401572	39.707502
511	2256.560717	55.544573	9.651951	-0.398983	39.662468
513	2258.629508	55.406466	9.690891	-0.398693	39.800826
515	2260.697573	55.481486	9.717417	-0.397328	37.691251
517	2262.765534	55.289343	9.769472	-0.395327	41.192741
519	2264.833551	55.159037	9.815632	-0.394141	39.000021
523	2268.969440	54.969365	9.999081	-0.390478	38.993901
525	2271.037602	55.096073	9.976189	-0.391534	38.386658
