crossing time (s)	slope (V/s)	crossing number
281474976710655.000000	131.310760	3220	0.000000
281474976710655.000000	126.292213	3221	0.000000
281474976710655.000000	Inf	3222	0.000000
281474976710655.000000	126.443748	3223	0.000000
281474976710655.000000	Inf	3224	0.000000
281474976710655.000000	125.854111	3225	0.000000
281474976710655.000000	127.994934	3226	0.000000
281474976710655.000000	124.010628	3227	0.000000
281474976710655.000000	127.157555	3228	0.000000
281474976710655.000000	63.904018	3229	0.000000
281474976710655.000000	125.385521	3230	0.000000
281474976710655.000000	124.160530	3231	0.000000
281474976710655.000000	127.015778	3232	0.000000
281474976710655.000000	123.393059	3233	0.000000
281474976710655.000000	Inf	3234	0.000000
281474976710655.000000	125.538841	3235	0.000000
281474976710655.000000	62.032536	3236	0.000000
281474976710655.000000	125.540512	3237	0.000000
281474976710655.000000	126.635063	3238	0.000000
281474976710655.000000	121.730629	3239	0.000000
281474976710655.000000	Inf	3240	0.000000
281474976710655.000000	123.816338	3241	0.000000
281474976710655.000000	124.205536	3242	0.000000
281474976710655.000000	119.982262	3243	0.000000
281474976710655.000000	127.056839	3244	0.000000
281474976710655.000000	119.377258	3245	0.000000
281474976710655.000000	62.586067	3246	0.000000
281474976710655.000000	Inf	3247	0.000000
281474976710655.000000	124.318420	3248	0.000000
281474976710655.000000	122.856285	3249	0.000000
281474976710655.000000	59.609676	3250	0.000000
281474976710655.000000	120.732758	3251	0.000000
281474976710655.000000	Inf	3252	0.000000
281474976710655.000000	124.091629	3253	0.000000
281474976710655.000000	121.659790	3254	0.000000
281474976710655.000000	Inf	3255	0.000000
281474976710655.000000	120.149086	3256	0.000000
281474976710655.000000	126.203514	3257	0.000000
281474976710655.000000	120.654755	3258	0.000000
281474976710655.000000	61.172070	3259	0.000000
281474976710655.000000	Inf	3260	0.000000
281474976710655.000000	119.984528	3261	0.000000
281474976710655.000000	122.221092	3262	0.000000
281474976710655.000000	Inf	3263	0.000000
281474976710655.000000	123.240402	3264	0.000000
281474976710655.000000	59.746868	3265	0.000000
281474976710655.000000	121.419609	3266	0.000000
281474976710655.000000	119.330879	3267	0.000000
281474976710655.000000	119.305542	3268	0.000000
281474976710655.000000	Inf	3269	0.000000
281474976710655.000000	121.004005	3270	0.000000
281474976710655.000000	117.521477	3271	0.000000
281474976710655.000000	60.621754	3272	0.000000
281474976710655.000000	119.790977	3273	0.000000
281474976710655.000000	115.529282	3274	0.000000
281474976710655.000000	115.161186	3275	0.000000
281474976710655.000000	59.301735	3276	0.000000
281474976710655.000000	Inf	3277	0.000000
281474976710655.000000	119.499062	3278	0.000000
281474976710655.000000	Inf	3279	0.000000
281474976710655.000000	116.539864	3280	0.000000
281474976710655.000000	60.006760	3281	0.000000
281474976710655.000000	123.751472	3282	0.000000
281474976710655.000000	58.841675	3283	0.000000
281474976710655.000000	117.700676	3284	0.000000
281474976710655.000000	117.364960	3285	0.000000
281474976710655.000000	117.255363	3286	0.000000
281474976710655.000000	60.327477	3287	0.000000
281474976710655.000000	117.924088	3288	0.000000
281474976710655.000000	59.247223	3289	0.000000
281474976710655.000000	117.076271	3290	0.000000
281474976710655.000000	Inf	3291	0.000000
281474976710655.000000	120.836716	3292	0.000000
281474976710655.000000	114.397858	3293	0.000000
281474976710655.000000	115.285294	3294	0.000000
281474976710655.000000	117.200737	3295	0.000000
281474976710655.000000	Inf	3296	0.000000
281474976710655.000000	115.522560	3297	0.000000
281474976710655.000000	116.880486	3298	0.000000
281474976710655.000000	114.283089	3299	0.000000
281474976710655.000000	117.114685	3300	0.000000
281474976710655.000000	114.858070	3301	0.000000
281474976710655.000000	113.652977	3302	0.000000
281474976710655.000000	Inf	3303	0.000000
281474976710655.000000	112.143120	3304	0.000000
281474976710655.000000	117.112663	3305	0.000000
281474976710655.000000	113.847084	3306	0.000000
281474976710655.000000	57.028900	3307	0.000000
281474976710655.000000	114.589493	3308	0.000000
281474976710655.000000	111.365181	3309	0.000000
281474976710655.000000	114.488373	3310	0.000000
281474976710655.000000	Inf	3311	0.000000
281474976710655.000000	Inf	3312	0.000000
281474976710655.000000	112.703987	3313	0.000000
281474976710655.000000	113.498421	3314	0.000000
281474976710655.000000	116.005180	3315	0.000000
281474976710655.000000	115.312698	3316	0.000000
281474976710655.000000	110.174004	3317	0.000000
281474976710655.000000	108.731682	3318	0.000000
281474976710655.000000	110.755867	3319	0.000000
281474976710655.000000	111.374298	3320	0.000000
281474976710655.000000	113.239342	3321	0.000000
281474976710655.000000	111.620537	3322	0.000000
281474976710655.000000	107.154503	3323	0.000000
281474976710655.000000	111.008987	3324	0.000000
281474976710655.000000	112.428963	3325	0.000000
281474976710655.000000	113.847565	3326	0.000000
281474976710655.000000	110.046799	3327	0.000000
281474976710655.000000	Inf	3328	0.000000
281474976710655.000000	106.493744	3329	0.000000
281474976710655.000000	223.610229	3330	0.000000
281474976710655.000000	111.070801	3331	0.000000
281474976710655.000000	74.060661	3332	0.000000
281474976710655.000000	110.479004	3333	0.000000
281474976710655.000000	111.244438	3334	0.000000
281474976710655.000000	108.058701	3335	0.000000
281474976710655.000000	Inf	3336	0.000000
281474976710655.000000	109.723289	3337	0.000000
281474976710655.000000	108.193199	3338	0.000000
281474976710655.000000	111.364548	3339	0.000000
281474976710655.000000	111.121231	3340	0.000000
281474976710655.000000	Inf	3341	0.000000
281474976710655.000000	108.703941	3342	0.000000
281474976710655.000000	55.351849	3343	0.000000
281474976710655.000000	56.747433	3344	0.000000
281474976710655.000000	108.591438	3345	0.000000
281474976710655.000000	108.013741	3346	0.000000
281474976710655.000000	106.658913	3347	0.000000
281474976710655.000000	108.560524	3348	0.000000
281474976710655.000000	72.519760	3349	0.000000
281474976710655.000000	106.834045	3350	0.000000
281474976710655.000000	106.372215	3351	0.000000
281474976710655.000000	55.133480	3352	0.000000
281474976710655.000000	106.728928	3353	0.000000
281474976710655.000000	53.940006	3354	0.000000
281474976710655.000000	104.024086	3355	0.000000
281474976710655.000000	54.316643	3356	0.000000
281474976710655.000000	71.534027	3357	0.000000
281474976710655.000000	106.330765	3358	0.000000
281474976710655.000000	106.666481	3359	0.000000
281474976710655.000000	Inf	3360	0.000000
281474976710655.000000	106.408691	3361	0.000000
281474976710655.000000	108.135101	3362	0.000000
281474976710655.000000	105.315849	3363	0.000000
281474976710655.000000	107.367737	3364	0.000000
281474976710655.000000	Inf	3365	0.000000
281474976710655.000000	106.975433	3366	0.000000
281474976710655.000000	106.779877	3367	0.000000
281474976710655.000000	106.397003	3368	0.000000
281474976710655.000000	107.834114	3369	0.000000
281474976710655.000000	Inf	3370	0.000000
281474976710655.000000	Inf	3371	0.000000
281474976710655.000000	53.605885	3372	0.000000
281474976710655.000000	107.204102	3373	0.000000
281474976710655.000000	105.018318	3374	0.000000
281474976710655.000000	102.888367	3375	0.000000
281474976710655.000000	104.534927	3376	0.000000
281474976710655.000000	68.507416	3377	0.000000
281474976710655.000000	105.628250	3378	0.000000
281474976710655.000000	53.214134	3379	0.000000
281474976710655.000000	70.056297	3380	0.000000
281474976710655.000000	Inf	3381	0.000000
281474976710655.000000	Inf	3382	0.000000
281474976710655.000000	103.636406	3383	0.000000
281474976710655.000000	102.532021	3384	0.000000
281474976710655.000000	Inf	3385	0.000000
281474976710655.000000	105.388466	3386	0.000000
281474976710655.000000	51.785378	3387	0.000000
281474976710655.000000	Inf	3388	0.000000
281474976710655.000000	102.486969	3389	0.000000
281474976710655.000000	100.106125	3390	0.000000
281474976710655.000000	Inf	3391	0.000000
281474976710655.000000	Inf	3392	0.000000
281474976710655.000000	101.687103	3393	0.000000
281474976710655.000000	101.722023	3394	0.000000
281474976710655.000000	Inf	3395	0.000000
281474976710655.000000	102.255310	3396	0.000000
281474976710655.000000	104.110855	3397	0.000000
281474976710655.000000	101.070778	3398	0.000000
281474976710655.000000	Inf	3399	0.000000
281474976710655.000000	103.421883	3400	0.000000
281474976710655.000000	100.934708	3401	0.000000
281474976710655.000000	102.017723	3402	0.000000
281474976710655.000000	Inf	3403	0.000000
281474976710655.000000	100.398247	3404	0.000000
281474976710655.000000	52.582951	3405	0.000000
281474976710655.000000	99.310745	3406	0.000000
281474976710655.000000	97.801712	3407	0.000000
281474976710655.000000	100.895798	3408	0.000000
281474976710655.000000	98.952194	3409	0.000000
281474976710655.000000	103.242287	3410	0.000000
281474976710655.000000	99.457298	3411	0.000000
281474976710655.000000	67.585953	3412	0.000000
281474976710655.000000	99.804878	3413	0.000000
281474976710655.000000	97.053291	3414	0.000000
281474976710655.000000	100.302727	3415	0.000000
281474976710655.000000	99.856415	3416	0.000000
281474976710655.000000	100.098701	3417	0.000000
281474976710655.000000	98.880981	3418	0.000000
281474976710655.000000	50.389465	3419	0.000000
281474976710655.000000	99.397186	3420	0.000000
281474976710655.000000	194.988861	3421	0.000000
281474976710655.000000	98.861702	3422	0.000000
281474976710655.000000	96.040741	3423	0.000000
281474976710655.000000	66.119499	3424	0.000000
281474976710655.000000	99.014503	3425	0.000000
281474976710655.000000	50.127632	3426	0.000000
281474976710655.000000	65.445969	3427	0.000000
281474976710655.000000	49.426624	3428	0.000000
281474976710655.000000	95.320343	3429	0.000000
281474976710655.000000	100.424416	3430	0.000000
281474976710655.000000	49.469856	3431	0.000000
281474976710655.000000	65.384956	3432	0.000000
281474976710655.000000	64.406387	3433	0.000000
281474976710655.000000	96.113243	3434	0.000000
281474976710655.000000	Inf	3435	0.000000
281474976710655.000000	99.903999	3436	0.000000
281474976710655.000000	96.457474	3437	0.000000
281474976710655.000000	96.412041	3438	0.000000
281474976710655.000000	98.552986	3439	0.000000
281474976710655.000000	97.477562	3440	0.000000
281474976710655.000000	95.120506	3441	0.000000
281474976710655.000000	95.496368	3442	0.000000
281474976710655.000000	64.581940	3443	0.000000
281474976710655.000000	93.549240	3444	0.000000
281474976710655.000000	64.563942	3445	0.000000
281474976710655.000000	188.903076	3446	0.000000
281474976710655.000000	47.812252	3447	0.000000
281474976710655.000000	47.465015	3448	0.000000
281474976710655.000000	93.541985	3449	0.000000
281474976710655.000000	91.653587	3450	0.000000
281474976710655.000000	97.475708	3451	0.000000
281474976710655.000000	96.462952	3452	0.000000
281474976710655.000000	96.268776	3453	0.000000
281474976710655.000000	Inf	3454	0.000000
281474976710655.000000	92.606964	3455	0.000000
281474976710655.000000	93.790031	3456	0.000000
281474976710655.000000	183.354431	3457	0.000000
281474976710655.000000	98.065292	3458	0.000000
281474976710655.000000	94.140182	3459	0.000000
281474976710655.000000	93.105621	3460	0.000000
281474976710655.000000	188.275970	3461	0.000000
281474976710655.000000	93.587784	3462	0.000000
281474976710655.000000	94.983025	3463	0.000000
281474976710655.000000	94.670212	3464	0.000000
281474976710655.000000	Inf	3465	0.000000
281474976710655.000000	46.538223	3466	0.000000
281474976710655.000000	93.059799	3467	0.000000
281474976710655.000000	92.553848	3468	0.000000
281474976710655.000000	61.485054	3469	0.000000
281474976710655.000000	92.742455	3470	0.000000
281474976710655.000000	60.766575	3471	0.000000
281474976710655.000000	47.140324	3472	0.000000
281474976710655.000000	46.816349	3473	0.000000
281474976710655.000000	184.469711	3474	0.000000
281474976710655.000000	91.829971	3475	0.000000
281474976710655.000000	93.607719	3476	0.000000
281474976710655.000000	92.531670	3477	0.000000
281474976710655.000000	61.151836	3478	0.000000
281474976710655.000000	91.240807	3479	0.000000
281474976710655.000000	93.767197	3480	0.000000
281474976710655.000000	45.236233	3481	0.000000
281474976710655.000000	91.481453	3482	0.000000
281474976710655.000000	Inf	3483	0.000000
281474976710655.000000	95.508110	3484	0.000000
281474976710655.000000	90.138466	3485	0.000000
281474976710655.000000	60.685432	3486	0.000000
281474976710655.000000	Inf	3487	0.000000
281474976710655.000000	61.093136	3488	0.000000
281474976710655.000000	60.212669	3489	0.000000
281474976710655.000000	61.408741	3490	0.000000
281474976710655.000000	88.998848	3491	0.000000
281474976710655.000000	Inf	3492	0.000000
281474976710655.000000	89.060608	3493	0.000000
281474976710655.000000	90.583824	3494	0.000000
281474976710655.000000	89.363060	3495	0.000000
281474976710655.000000	59.189987	3496	0.000000
281474976710655.000000	87.958969	3497	0.000000
281474976710655.000000	90.076981	3498	0.000000
281474976710655.000000	59.407234	3499	0.000000
281474976710655.000000	Inf	3500	0.000000
281474976710655.000000	90.002914	3501	0.000000
281474976710655.000000	60.516113	3502	0.000000
281474976710655.000000	45.122631	3503	0.000000
281474976710655.000000	178.510345	3504	0.000000
281474976710655.000000	87.830971	3505	0.000000
281474976710655.000000	44.331066	3506	0.000000
281474976710655.000000	88.779739	3507	0.000000
281474976710655.000000	57.698277	3508	0.000000
281474976710655.000000	44.083012	3509	0.000000
281474976710655.000000	87.915573	3510	0.000000
281474976710655.000000	45.028358	3511	0.000000
281474976710655.000000	85.541237	3512	0.000000
281474976710655.000000	44.906490	3513	0.000000
281474976710655.000000	86.806351	3514	0.000000
281474976710655.000000	86.220871	3515	0.000000
281474976710655.000000	Inf	3516	0.000000
281474976710655.000000	88.191185	3517	0.000000
281474976710655.000000	174.933884	3518	0.000000
281474976710655.000000	85.057686	3519	0.000000
